0 : (0 , 0 , 0) 
1 : (0 , 0.5 , 0) 
2 : (0 , 0 , 0.001) 
3 : (0 , 0.5 , 0.001) 
4 : (0.25 , 0 , 0) 
5 : (0.25 , 0.5 , 0) 
6 : (0.25 , 0 , 0.001) 
7 : (0.25 , 0.5 , 0.001) 
8 : (0 , 0 , 0) 
9 : (0 , 0 , 0.001) 
10 : (0.25 , 0 , 0) 
11 : (0.25 , 0 , 0.001) 
12 : (0 , 0.5 , 0) 
13 : (0 , 0.5 , 0.001) 
14 : (0.25 , 0.5 , 0) 
15 : (0.25 , 0.5 , 0.001) 
16 : (0 , 0 , 0) 
17 : (0.25 , 0 , 0) 
18 : (0 , 0.5 , 0) 
19 : (0.25 , 0.5 , 0) 
20 : (0 , 0 , 0.001) 
21 : (0.25 , 0 , 0.001) 
22 : (0 , 0.5 , 0.001) 
23 : (0.25 , 0.5 , 0.001) 
24 : (0.5 , 0 , 0) 
25 : (0.5 , 0.5 , 0) 
26 : (0.5 , 0 , 0.001) 
27 : (0.5 , 0.5 , 0.001) 
28 : (0.25 , 0 , 0) 
29 : (0.25 , 0 , 0.001) 
30 : (0.5 , 0 , 0) 
31 : (0.5 , 0 , 0.001) 
32 : (0.25 , 0.5 , 0) 
33 : (0.25 , 0.5 , 0.001) 
34 : (0.5 , 0.5 , 0) 
35 : (0.5 , 0.5 , 0.001) 
36 : (0.25 , 0 , 0) 
37 : (0.5 , 0 , 0) 
38 : (0.25 , 0.5 , 0) 
39 : (0.5 , 0.5 , 0) 
40 : (0.25 , 0 , 0.001) 
41 : (0.5 , 0 , 0.001) 
42 : (0.25 , 0.5 , 0.001) 
43 : (0.5 , 0.5 , 0.001) 
44 : (0 , 0.5 , 0) 
45 : (0 , 1 , 0) 
46 : (0 , 0.5 , 0.001) 
47 : (0 , 1 , 0.001) 
48 : (0.25 , 0.5 , 0) 
49 : (0.25 , 1 , 0) 
50 : (0.25 , 0.5 , 0.001) 
51 : (0.25 , 1 , 0.001) 
52 : (0 , 1 , 0) 
53 : (0 , 1 , 0.001) 
54 : (0.25 , 1 , 0) 
55 : (0.25 , 1 , 0.001) 
56 : (0 , 0.5 , 0) 
57 : (0.25 , 0.5 , 0) 
58 : (0 , 1 , 0) 
59 : (0.25 , 1 , 0) 
60 : (0 , 0.5 , 0.001) 
61 : (0.25 , 0.5 , 0.001) 
62 : (0 , 1 , 0.001) 
63 : (0.25 , 1 , 0.001) 
64 : (0.5 , 0.5 , 0) 
65 : (0.5 , 1 , 0) 
66 : (0.5 , 0.5 , 0.001) 
67 : (0.5 , 1 , 0.001) 
68 : (0.25 , 1 , 0) 
69 : (0.25 , 1 , 0.001) 
70 : (0.5 , 1 , 0) 
71 : (0.5 , 1 , 0.001) 
72 : (0.25 , 0.5 , 0) 
73 : (0.5 , 0.5 , 0) 
74 : (0.25 , 1 , 0) 
75 : (0.5 , 1 , 0) 
76 : (0.25 , 0.5 , 0.001) 
77 : (0.5 , 0.5 , 0.001) 
78 : (0.25 , 1 , 0.001) 
79 : (0.5 , 1 , 0.001) 
