time level= 0. 
0 : (0.541667 , 0.5 , 0.0005) 
1 : (0.625 , 0.5 , 0.0005) 
2 : (0.708333 , 0.5 , 0.0005) 
3 : (0.791667 , 0.5 , 0.0005) 
4 : (0.875 , 0.5 , 0.0005) 
5 : (0.958333 , 0.5 , 0.0005) 
time level= 1. 
0 : (0.541667 , 0.5 , 0.0015) 
1 : (0.625 , 0.5 , 0.0015) 
2 : (0.708333 , 0.5 , 0.0015) 
3 : (0.791667 , 0.5 , 0.0015) 
4 : (0.875 , 0.5 , 0.0015) 
5 : (0.958333 , 0.5 , 0.0015) 
time level= 2. 
0 : (0.541667 , 0.5 , 0.0025) 
1 : (0.625 , 0.5 , 0.0025) 
2 : (0.708333 , 0.5 , 0.0025) 
3 : (0.791667 , 0.5 , 0.0025) 
4 : (0.875 , 0.5 , 0.0025) 
5 : (0.958333 , 0.5 , 0.0025) 
time level= 3. 
0 : (0.541667 , 0.5 , 0.0035) 
1 : (0.625 , 0.5 , 0.0035) 
2 : (0.708333 , 0.5 , 0.0035) 
3 : (0.791667 , 0.5 , 0.0035) 
4 : (0.875 , 0.5 , 0.0035) 
5 : (0.958333 , 0.5 , 0.0035) 
time level= 4. 
0 : (0.541667 , 0.5 , 0.0045) 
1 : (0.625 , 0.5 , 0.0045) 
2 : (0.708333 , 0.5 , 0.0045) 
3 : (0.791667 , 0.5 , 0.0045) 
4 : (0.875 , 0.5 , 0.0045) 
5 : (0.958333 , 0.5 , 0.0045) 
time level= 5. 
0 : (0.541667 , 0.5 , 0.0055) 
1 : (0.625 , 0.5 , 0.0055) 
2 : (0.708333 , 0.5 , 0.0055) 
3 : (0.791667 , 0.5 , 0.0055) 
4 : (0.875 , 0.5 , 0.0055) 
5 : (0.958333 , 0.5 , 0.0055) 
time level= 6. 
0 : (0.541667 , 0.5 , 0.0065) 
1 : (0.625 , 0.5 , 0.0065) 
2 : (0.708333 , 0.5 , 0.0065) 
3 : (0.791667 , 0.5 , 0.0065) 
4 : (0.875 , 0.5 , 0.0065) 
5 : (0.958333 , 0.5 , 0.0065) 
time level= 7. 
0 : (0.541667 , 0.5 , 0.0075) 
1 : (0.625 , 0.5 , 0.0075) 
2 : (0.708333 , 0.5 , 0.0075) 
3 : (0.791667 , 0.5 , 0.0075) 
4 : (0.875 , 0.5 , 0.0075) 
5 : (0.958333 , 0.5 , 0.0075) 
time level= 8. 
0 : (0.541667 , 0.5 , 0.0085) 
1 : (0.625 , 0.5 , 0.0085) 
2 : (0.708333 , 0.5 , 0.0085) 
3 : (0.791667 , 0.5 , 0.0085) 
4 : (0.875 , 0.5 , 0.0085) 
5 : (0.958333 , 0.5 , 0.0085) 
time level= 9. 
0 : (0.541667 , 0.5 , 0.0095) 
1 : (0.625 , 0.5 , 0.0095) 
2 : (0.708333 , 0.5 , 0.0095) 
3 : (0.791667 , 0.5 , 0.0095) 
4 : (0.875 , 0.5 , 0.0095) 
5 : (0.958333 , 0.5 , 0.0095) 
time level= 10. 
0 : (0.541667 , 0.5 , 0.0105) 
1 : (0.625 , 0.5 , 0.0105) 
2 : (0.708333 , 0.5 , 0.0105) 
3 : (0.791667 , 0.5 , 0.0105) 
4 : (0.875 , 0.5 , 0.0105) 
5 : (0.958333 , 0.5 , 0.0105) 
time level= 11. 
0 : (0.541667 , 0.5 , 0.0115) 
1 : (0.625 , 0.5 , 0.0115) 
2 : (0.708333 , 0.5 , 0.0115) 
3 : (0.791667 , 0.5 , 0.0115) 
4 : (0.875 , 0.5 , 0.0115) 
5 : (0.958333 , 0.5 , 0.0115) 
time level= 12. 
0 : (0.541667 , 0.5 , 0.0125) 
1 : (0.625 , 0.5 , 0.0125) 
2 : (0.708333 , 0.5 , 0.0125) 
3 : (0.791667 , 0.5 , 0.0125) 
4 : (0.875 , 0.5 , 0.0125) 
5 : (0.958333 , 0.5 , 0.0125) 
time level= 13. 
0 : (0.541667 , 0.5 , 0.0135) 
1 : (0.625 , 0.5 , 0.0135) 
2 : (0.708333 , 0.5 , 0.0135) 
3 : (0.791667 , 0.5 , 0.0135) 
4 : (0.875 , 0.5 , 0.0135) 
5 : (0.958333 , 0.5 , 0.0135) 
time level= 14. 
0 : (0.541667 , 0.5 , 0.0145) 
1 : (0.625 , 0.5 , 0.0145) 
2 : (0.708333 , 0.5 , 0.0145) 
3 : (0.791667 , 0.5 , 0.0145) 
4 : (0.875 , 0.5 , 0.0145) 
5 : (0.958333 , 0.5 , 0.0145) 
time level= 15. 
0 : (0.541667 , 0.5 , 0.0155) 
1 : (0.625 , 0.5 , 0.0155) 
2 : (0.708333 , 0.5 , 0.0155) 
3 : (0.791667 , 0.5 , 0.0155) 
4 : (0.875 , 0.5 , 0.0155) 
5 : (0.958333 , 0.5 , 0.0155) 
time level= 16. 
0 : (0.541667 , 0.5 , 0.0165) 
1 : (0.625 , 0.5 , 0.0165) 
2 : (0.708333 , 0.5 , 0.0165) 
3 : (0.791667 , 0.5 , 0.0165) 
4 : (0.875 , 0.5 , 0.0165) 
5 : (0.958333 , 0.5 , 0.0165) 
time level= 17. 
0 : (0.541667 , 0.5 , 0.0175) 
1 : (0.625 , 0.5 , 0.0175) 
2 : (0.708333 , 0.5 , 0.0175) 
3 : (0.791667 , 0.5 , 0.0175) 
4 : (0.875 , 0.5 , 0.0175) 
5 : (0.958333 , 0.5 , 0.0175) 
time level= 18. 
0 : (0.541667 , 0.5 , 0.0185) 
1 : (0.625 , 0.5 , 0.0185) 
2 : (0.708333 , 0.5 , 0.0185) 
3 : (0.791667 , 0.5 , 0.0185) 
4 : (0.875 , 0.5 , 0.0185) 
5 : (0.958333 , 0.5 , 0.0185) 
time level= 19. 
0 : (0.541667 , 0.5 , 0.0195) 
1 : (0.625 , 0.5 , 0.0195) 
2 : (0.708333 , 0.5 , 0.0195) 
3 : (0.791667 , 0.5 , 0.0195) 
4 : (0.875 , 0.5 , 0.0195) 
5 : (0.958333 , 0.5 , 0.0195) 
time level= 20. 
0 : (0.541667 , 0.5 , 0.0205) 
1 : (0.625 , 0.5 , 0.0205) 
2 : (0.708333 , 0.5 , 0.0205) 
3 : (0.791667 , 0.5 , 0.0205) 
4 : (0.875 , 0.5 , 0.0205) 
5 : (0.958333 , 0.5 , 0.0205) 
time level= 21. 
0 : (0.541667 , 0.5 , 0.0215) 
1 : (0.625 , 0.5 , 0.0215) 
2 : (0.708333 , 0.5 , 0.0215) 
3 : (0.791667 , 0.5 , 0.0215) 
4 : (0.875 , 0.5 , 0.0215) 
5 : (0.958333 , 0.5 , 0.0215) 
time level= 22. 
0 : (0.541667 , 0.5 , 0.0225) 
1 : (0.625 , 0.5 , 0.0225) 
2 : (0.708333 , 0.5 , 0.0225) 
3 : (0.791667 , 0.5 , 0.0225) 
4 : (0.875 , 0.5 , 0.0225) 
5 : (0.958333 , 0.5 , 0.0225) 
time level= 23. 
0 : (0.541667 , 0.5 , 0.0235) 
1 : (0.625 , 0.5 , 0.0235) 
2 : (0.708333 , 0.5 , 0.0235) 
3 : (0.791667 , 0.5 , 0.0235) 
4 : (0.875 , 0.5 , 0.0235) 
5 : (0.958333 , 0.5 , 0.0235) 
time level= 24. 
0 : (0.541667 , 0.5 , 0.0245) 
1 : (0.625 , 0.5 , 0.0245) 
2 : (0.708333 , 0.5 , 0.0245) 
3 : (0.791667 , 0.5 , 0.0245) 
4 : (0.875 , 0.5 , 0.0245) 
5 : (0.958333 , 0.5 , 0.0245) 
time level= 25. 
0 : (0.541667 , 0.5 , 0.0255) 
1 : (0.625 , 0.5 , 0.0255) 
2 : (0.708333 , 0.5 , 0.0255) 
3 : (0.791667 , 0.5 , 0.0255) 
4 : (0.875 , 0.5 , 0.0255) 
5 : (0.958333 , 0.5 , 0.0255) 
time level= 26. 
0 : (0.541667 , 0.5 , 0.0265) 
1 : (0.625 , 0.5 , 0.0265) 
2 : (0.708333 , 0.5 , 0.0265) 
3 : (0.791667 , 0.5 , 0.0265) 
4 : (0.875 , 0.5 , 0.0265) 
5 : (0.958333 , 0.5 , 0.0265) 
time level= 27. 
0 : (0.541667 , 0.5 , 0.0275) 
1 : (0.625 , 0.5 , 0.0275) 
2 : (0.708333 , 0.5 , 0.0275) 
3 : (0.791667 , 0.5 , 0.0275) 
4 : (0.875 , 0.5 , 0.0275) 
5 : (0.958333 , 0.5 , 0.0275) 
time level= 28. 
0 : (0.541667 , 0.5 , 0.0285) 
1 : (0.625 , 0.5 , 0.0285) 
2 : (0.708333 , 0.5 , 0.0285) 
3 : (0.791667 , 0.5 , 0.0285) 
4 : (0.875 , 0.5 , 0.0285) 
5 : (0.958333 , 0.5 , 0.0285) 
time level= 29. 
0 : (0.541667 , 0.5 , 0.0295) 
1 : (0.625 , 0.5 , 0.0295) 
2 : (0.708333 , 0.5 , 0.0295) 
3 : (0.791667 , 0.5 , 0.0295) 
4 : (0.875 , 0.5 , 0.0295) 
5 : (0.958333 , 0.5 , 0.0295) 
